0.00325,0.00600,0.00275,0.00925,0.00150,0.96325,0.00300,0.00475,0.00625
0.00100,0.10200,0.10250,0.12275,0.00050,0.03275,0.62175,0.00500,0.01175
0.00000,0.00000,0.00000,0.00000,1.00000,0.00000,0.00000,0.00000,0.00000
0.03925,0.01325,0.00800,0.02225,0.00025,0.76700,0.11800,0.02200,0.01000
0.00325,0.38550,0.44925,0.06050,0.00000,0.01350,0.07000,0.01275,0.00525
0.00475,0.00100,0.00025,0.00025,0.00025,0.00900,0.00075,0.97975,0.00400
0.00000,0.00000,0.00000,0.00000,1.00000,0.00000,0.00000,0.00000,0.00000
0.00000,0.00000,0.00000,0.00025,0.00000,0.99750,0.00000,0.00050,0.00175
0.00000,0.30775,0.68100,0.00025,0.00000,0.00100,0.00050,0.00950,0.00000
0.05975,0.02975,0.02000,0.01650,0.00325,0.18450,0.05475,0.59150,0.04000
0.00000,0.00000,0.00000,0.00000,0.00000,1.00000,0.00000,0.00000,0.00000
0.00000,0.00025,0.00000,0.00000,0.00000,0.99775,0.00025,0.00175,0.00000
0.00425,0.55350,0.21525,0.19850,0.00000,0.00475,0.01675,0.00100,0.00600
0.00000,0.00000,0.00025,0.00000,0.00000,0.99850,0.00050,0.00075,0.00000
0.00075,0.75000,0.15525,0.03450,0.00250,0.01750,0.02850,0.00400,0.00700
0.03900,0.27300,0.19225,0.04000,0.00050,0.06300,0.33950,0.01300,0.03975
0.01600,0.00800,0.00800,0.00575,0.00025,0.63800,0.01825,0.29850,0.00725
0.20250,0.00200,0.00025,0.00050,0.00000,0.64950,0.04350,0.03825,0.06350
0.00250,0.46700,0.41425,0.10050,0.00125,0.00500,0.00775,0.00075,0.00100
0.00000,0.00050,0.00000,0.00000,0.99950,0.00000,0.00000,0.00000,0.00000
0.00025,0.00000,0.00000,0.00100,0.00000,0.98875,0.00750,0.00200,0.00050
0.00400,0.00150,0.00075,0.00050,0.00050,0.01225,0.00350,0.97425,0.00275
0.00050,0.34575,0.57000,0.05725,0.00000,0.00375,0.02100,0.00050,0.00125
0.00350,0.27750,0.60500,0.09300,0.00275,0.00050,0.00625,0.00100,0.01050
0.13975,0.06050,0.03225,0.00475,0.00275,0.07425,0.05050,0.03700,0.59825
0.00050,0.00000,0.00050,0.00000,0.00000,0.99400,0.00000,0.00450,0.00050
0.01675,0.02850,0.01625,0.00475,0.00200,0.16125,0.02525,0.71000,0.03525
0.02600,0.00000,0.00100,0.00050,0.00000,0.00675,0.00400,0.95550,0.00625
0.01275,0.73325,0.13875,0.05675,0.00225,0.00400,0.00375,0.00375,0.04475
0.02300,0.00775,0.00550,0.00200,0.00100,0.05600,0.00625,0.75850,0.14000
0.10225,0.00275,0.00050,0.00075,0.00000,0.02200,0.00300,0.00625,0.86250
0.00125,0.61250,0.34050,0.03375,0.00000,0.00000,0.01200,0.00000,0.00000
0.00150,0.66475,0.21725,0.10200,0.00275,0.00500,0.00075,0.00225,0.00375
0.01300,0.45550,0.19325,0.06200,0.01500,0.02300,0.01075,0.04225,0.18525
0.09975,0.00875,0.00750,0.00150,0.00125,0.10875,0.05500,0.66650,0.05100
0.02450,0.00275,0.00050,0.00000,0.00000,0.00950,0.00175,0.00375,0.95725
0.00050,0.00000,0.00000,0.00000,0.00000,0.99950,0.00000,0.00000,0.00000
0.02850,0.00400,0.00300,0.01050,0.00075,0.80675,0.13025,0.00800,0.00825
0.00125,0.78175,0.19200,0.02175,0.00050,0.00025,0.00100,0.00000,0.00150
0.00425,0.58075,0.25300,0.05600,0.00275,0.00875,0.06175,0.00525,0.02750
0.00400,0.01550,0.00750,0.00975,0.00150,0.92825,0.00300,0.00950,0.02100
0.01925,0.46325,0.34425,0.09450,0.00250,0.00600,0.02525,0.00400,0.04100
0.00000,0.00000,0.00000,0.00000,1.00000,0.00000,0.00000,0.00000,0.00000
0.00075,0.91400,0.04175,0.04075,0.00000,0.00200,0.00075,0.00000,0.00000
0.00300,0.00200,0.00375,0.00700,0.00000,0.96250,0.00575,0.01250,0.00350
0.00050,0.00050,0.00000,0.00050,0.00000,0.98975,0.00125,0.00675,0.00075
0.00050,0.00075,0.00000,0.00150,0.00025,0.99200,0.00150,0.00150,0.00200
0.07325,0.58625,0.05275,0.04950,0.01075,0.01975,0.01050,0.02175,0.17550
0.00000,0.59275,0.39850,0.00625,0.00000,0.00050,0.00075,0.00050,0.00075
0.00250,0.82000,0.12400,0.04125,0.00100,0.00125,0.00975,0.00000,0.00025
0.00925,0.51100,0.41450,0.00425,0.02625,0.00250,0.00700,0.00625,0.01900
0.00000,0.70175,0.19450,0.10150,0.00050,0.00000,0.00100,0.00000,0.00075
0.10800,0.02000,0.00725,0.00250,0.00300,0.05525,0.01275,0.09500,0.69625
0.00000,0.00000,0.00025,0.00000,0.00050,0.96825,0.00225,0.02850,0.00025
0.00000,0.31000,0.25525,0.43325,0.00000,0.00000,0.00150,0.00000,0.00000
0.21975,0.04875,0.01050,0.00375,0.01125,0.05450,0.03650,0.09175,0.52325
0.02250,0.06800,0.03750,0.02325,0.00050,0.02450,0.01550,0.01425,0.79400
0.00000,0.85075,0.08600,0.05850,0.00000,0.00025,0.00350,0.00100,0.00000
0.00000,0.41000,0.34600,0.18575,0.00075,0.03050,0.01600,0.00800,0.00300
0.00525,0.00175,0.00150,0.00100,0.00025,0.03275,0.00400,0.94575,0.00775
0.00025,0.00000,0.00000,0.00000,0.00000,0.99925,0.00000,0.00050,0.00000
0.00250,0.77175,0.14800,0.00225,0.00975,0.01350,0.02150,0.02475,0.00600
0.00000,0.00000,0.00000,0.00000,0.00000,1.00000,0.00000,0.00000,0.00000
0.00075,0.15100,0.04250,0.80175,0.00100,0.00100,0.00125,0.00050,0.00025
0.00100,0.00050,0.00000,0.00175,0.00000,0.98750,0.00425,0.00400,0.00100
0.00800,0.00050,0.00000,0.00200,0.00000,0.96050,0.02075,0.00375,0.00450
0.02200,0.00925,0.00325,0.01600,0.00150,0.87050,0.01650,0.01375,0.04725
0.00525,0.42150,0.47200,0.04000,0.00000,0.00550,0.05050,0.00225,0.00300
0.00000,0.00000,0.00000,0.00000,0.00000,0.99850,0.00000,0.00150,0.00000
0.00200,0.80925,0.14950,0.02750,0.00000,0.00175,0.00200,0.00250,0.00550
0.04275,0.00250,0.00250,0.00050,0.00000,0.01750,0.00200,0.00875,0.92350
0.00375,0.57625,0.29500,0.00325,0.00050,0.03325,0.07125,0.01275,0.00400
0.00850,0.00150,0.00125,0.00350,0.00175,0.95800,0.00325,0.01425,0.00800
0.00050,0.94050,0.01350,0.01850,0.00000,0.00575,0.01575,0.00175,0.00375
0.00000,0.02725,0.00200,0.00125,0.96775,0.00050,0.00000,0.00050,0.00075
0.05675,0.06500,0.04625,0.04450,0.00050,0.43150,0.20900,0.08475,0.06175
0.01600,0.00950,0.00900,0.00425,0.00025,0.03125,0.02050,0.88300,0.02625
0.08775,0.01300,0.01175,0.00275,0.00075,0.11000,0.00500,0.03325,0.73575
0.01500,0.14625,0.30875,0.08575,0.00425,0.14375,0.24550,0.03300,0.01775
0.24275,0.04800,0.02025,0.00425,0.00175,0.05500,0.02175,0.05675,0.54950
0.00000,0.00000,0.00000,0.00000,0.00000,0.99925,0.00000,0.00075,0.00000
0.21025,0.00200,0.00600,0.00125,0.00275,0.05975,0.00750,0.02875,0.68175
0.00150,0.63225,0.33200,0.00175,0.00200,0.00825,0.00575,0.01025,0.00625
0.01050,0.11750,0.12350,0.07725,0.00175,0.60200,0.04700,0.01200,0.00850
0.00450,0.00100,0.00325,0.00025,0.00025,0.01250,0.00250,0.96050,0.01525
0.10900,0.02450,0.02000,0.01275,0.00000,0.19175,0.51250,0.05575,0.07375
0.00000,0.00150,0.00000,0.00000,0.99825,0.00000,0.00000,0.00000,0.00025
0.00075,0.63750,0.25075,0.09950,0.00000,0.00050,0.01000,0.00000,0.00100
0.00050,0.27675,0.69825,0.00025,0.00025,0.00225,0.01325,0.00775,0.00075
0.00050,0.00625,0.00125,0.00750,0.97925,0.00150,0.00150,0.00025,0.00200
0.00175,0.00200,0.00000,0.00000,0.00050,0.97750,0.00025,0.01700,0.00100
0.03275,0.00150,0.00150,0.00725,0.00375,0.90700,0.01150,0.02750,0.00725
0.07375,0.00350,0.00050,0.00100,0.00125,0.76575,0.03600,0.02475,0.09350
0.01925,0.75600,0.07225,0.01075,0.01400,0.01125,0.01025,0.01850,0.08775
0.00050,0.45375,0.50800,0.00000,0.00000,0.02000,0.00525,0.01200,0.00050
0.00925,0.00675,0.00900,0.01300,0.00025,0.76425,0.03025,0.04425,0.12300
0.00075,0.67900,0.27525,0.00000,0.00150,0.00400,0.02375,0.01575,0.00000
0.02300,0.04550,0.02925,0.01425,0.00350,0.68550,0.06150,0.09975,0.03775
0.00400,0.00600,0.00325,0.01000,0.00050,0.95100,0.00750,0.01200,0.00575
0.00075,0.00000,0.00000,0.00000,0.00000,0.99700,0.00000,0.00075,0.00150
0.07650,0.48450,0.22625,0.11500,0.00125,0.01475,0.03875,0.00450,0.03850
0.00075,0.00650,0.00350,0.00325,0.00075,0.97900,0.00175,0.00225,0.00225
0.00075,0.04950,0.94325,0.00050,0.00075,0.00025,0.00150,0.00350,0.00000
0.32000,0.02300,0.02875,0.00250,0.00075,0.07925,0.20250,0.28575,0.05750
0.00000,0.00000,0.00000,0.00000,0.00000,0.99775,0.00000,0.00225,0.00000
0.00000,0.36775,0.61375,0.00000,0.01000,0.00175,0.00025,0.00650,0.00000
0.00000,0.00000,0.00000,0.00000,0.00000,1.00000,0.00000,0.00000,0.00000
0.00050,0.83525,0.12500,0.01700,0.00200,0.00300,0.01200,0.00100,0.00425
0.00075,0.04775,0.01300,0.00625,0.90575,0.00450,0.00200,0.00950,0.01050
0.00075,0.91500,0.04225,0.02775,0.00000,0.00100,0.00300,0.00000,0.01025
0.00050,0.45150,0.45000,0.07975,0.00000,0.00000,0.01700,0.00050,0.00075
0.00175,0.93000,0.02550,0.01725,0.01175,0.00275,0.00500,0.00250,0.00350
0.00375,0.00050,0.00025,0.00025,0.00000,0.02175,0.00100,0.97000,0.00250
0.11650,0.01100,0.01275,0.00225,0.00075,0.06575,0.63650,0.12775,0.02675
0.00100,0.83125,0.10525,0.04850,0.00050,0.00800,0.00150,0.00125,0.00275
0.00275,0.40775,0.43325,0.09400,0.00000,0.00625,0.04525,0.00475,0.00600
0.00075,0.00025,0.00000,0.00000,0.00000,0.00775,0.00050,0.99025,0.00050
0.00000,0.60400,0.36850,0.02525,0.00125,0.00000,0.00050,0.00000,0.00050
0.01575,0.04225,0.02975,0.02500,0.00150,0.71575,0.10350,0.05600,0.01050
0.03075,0.02850,0.02175,0.00350,0.00100,0.05650,0.05175,0.75575,0.05050
0.00250,0.45775,0.03525,0.05825,0.42175,0.00275,0.01075,0.00625,0.00475
0.00800,0.00075,0.00100,0.00125,0.00050,0.96450,0.01050,0.01050,0.00300
0.01375,0.00050,0.00125,0.00000,0.00000,0.00200,0.00425,0.97625,0.00200
0.02725,0.31425,0.25375,0.23050,0.00200,0.04100,0.09575,0.02500,0.01050
0.02300,0.00650,0.00450,0.00425,0.00050,0.86050,0.04000,0.01975,0.04100
0.00025,0.56775,0.23350,0.19300,0.00000,0.00000,0.00475,0.00075,0.00000
0.00000,0.00450,0.00050,0.00000,0.99450,0.00000,0.00000,0.00000,0.00050
0.00325,0.52825,0.06575,0.35325,0.00375,0.03650,0.00125,0.00350,0.00450
0.00000,0.00000,0.00000,0.00125,0.99825,0.00000,0.00000,0.00050,0.00000
0.09600,0.05700,0.06575,0.01775,0.00125,0.17025,0.23500,0.32225,0.03475
0.00025,0.49350,0.42750,0.06475,0.00000,0.00025,0.01350,0.00000,0.00025
0.00125,0.00075,0.00100,0.00050,0.00000,0.99200,0.00100,0.00300,0.00050
0.01225,0.00525,0.00400,0.00000,0.00025,0.00550,0.00725,0.96325,0.00225
0.00000,0.00000,0.00000,0.00000,0.00000,0.99825,0.00000,0.00175,0.00000
0.00000,0.83750,0.09900,0.04600,0.00100,0.00025,0.00525,0.00000,0.01100
0.00000,0.00000,0.00000,0.00000,0.00000,1.00000,0.00000,0.00000,0.00000
0.00875,0.00100,0.00050,0.00025,0.00000,0.01250,0.01000,0.96375,0.00325
0.10450,0.03875,0.00800,0.00850,0.00075,0.06350,0.01950,0.00950,0.74700
0.01100,0.78950,0.08650,0.02600,0.01525,0.00975,0.04150,0.00500,0.01550
0.00900,0.27450,0.56850,0.00225,0.04325,0.01400,0.03500,0.04175,0.01175
0.00475,0.08275,0.22925,0.15050,0.00075,0.02600,0.49350,0.00900,0.00350
0.00000,0.53800,0.14525,0.31550,0.00000,0.00000,0.00100,0.00025,0.00000
0.00000,0.00000,0.00000,0.00000,0.00000,1.00000,0.00000,0.00000,0.00000
0.00825,0.00000,0.00000,0.00025,0.00000,0.97400,0.00525,0.01050,0.00175
0.00000,0.88975,0.02600,0.07950,0.00000,0.00050,0.00100,0.00175,0.00150
0.00000,0.00325,0.00050,0.00200,0.99250,0.00100,0.00000,0.00025,0.00050
0.00000,0.93000,0.06600,0.00325,0.00000,0.00000,0.00075,0.00000,0.00000
0.00000,0.00000,0.00000,0.00000,0.00000,0.99750,0.00000,0.00250,0.00000
0.00775,0.00375,0.00200,0.00000,0.00050,0.00175,0.00050,0.00600,0.97775
0.00050,0.47650,0.38050,0.08425,0.00225,0.00750,0.03700,0.00425,0.00725
0.00025,0.37150,0.22975,0.27275,0.00125,0.06975,0.02025,0.03400,0.00050
0.00175,0.38400,0.57150,0.02400,0.00100,0.00175,0.01525,0.00000,0.00075
0.00325,0.01600,0.53550,0.00850,0.00000,0.00600,0.41400,0.00475,0.01200
0.10300,0.12250,0.10425,0.01600,0.00350,0.09650,0.35875,0.08275,0.11275
0.00000,0.39725,0.58850,0.00175,0.00000,0.00000,0.01250,0.00000,0.00000
0.00500,0.00000,0.00000,0.00050,0.00000,0.98450,0.00350,0.00375,0.00275
0.00000,0.99550,0.00325,0.00075,0.00000,0.00000,0.00050,0.00000,0.00000
0.02750,0.44900,0.35700,0.05250,0.00375,0.01000,0.08700,0.00625,0.00700
0.05100,0.04300,0.01225,0.03200,0.02875,0.53350,0.02600,0.09900,0.17450
0.04650,0.00500,0.00000,0.00525,0.00000,0.89050,0.02125,0.02000,0.01150
0.01325,0.00650,0.00250,0.00900,0.00100,0.86775,0.01400,0.04800,0.03800
0.00525,0.00100,0.00225,0.00150,0.00000,0.97300,0.00275,0.00725,0.00700
0.16975,0.05075,0.04075,0.01175,0.00150,0.10850,0.13275,0.44750,0.03675
0.01175,0.15775,0.47400,0.13400,0.00125,0.03475,0.14175,0.02100,0.02375
0.00000,0.00025,0.00000,0.00000,0.00000,0.99975,0.00000,0.00000,0.00000
0.00500,0.44725,0.13700,0.33100,0.00075,0.03975,0.02700,0.00575,0.00650
0.00650,0.00075,0.00050,0.00000,0.00000,0.00000,0.00050,0.97575,0.01600
0.11375,0.02175,0.01225,0.00450,0.00050,0.03825,0.01975,0.03700,0.75225
0.00200,0.00025,0.00025,0.00000,0.00000,0.00275,0.00675,0.98700,0.00100
0.00000,0.03800,0.96125,0.00000,0.00025,0.00000,0.00000,0.00000,0.00050
0.00000,0.76000,0.22675,0.00000,0.00000,0.00700,0.00000,0.00550,0.00075
0.00700,0.20250,0.72750,0.00325,0.01050,0.00850,0.01200,0.01575,0.01300
0.00425,0.00300,0.00050,0.00000,0.00000,0.00625,0.00200,0.98225,0.00175
0.00125,0.53875,0.31875,0.12075,0.00000,0.00125,0.01050,0.00025,0.00850
0.00825,0.00075,0.00050,0.00000,0.00000,0.97350,0.00325,0.00875,0.00500
0.00000,0.68025,0.26175,0.05100,0.00000,0.00050,0.00550,0.00000,0.00100
0.41250,0.01075,0.00600,0.00325,0.00075,0.02750,0.01075,0.01550,0.51300
0.08500,0.06200,0.04225,0.03000,0.00600,0.40600,0.08125,0.10875,0.17875
0.00100,0.41825,0.46075,0.10900,0.00150,0.00025,0.00275,0.00325,0.00325
0.00150,0.42675,0.41550,0.14225,0.00025,0.00000,0.01225,0.00000,0.00150
0.00350,0.70700,0.19875,0.06175,0.00775,0.00125,0.00425,0.00650,0.00925
0.00175,0.59150,0.33175,0.00225,0.00875,0.04125,0.00850,0.01150,0.00275
0.12675,0.15925,0.06175,0.01650,0.01875,0.06825,0.06075,0.22500,0.26300
0.00000,0.53400,0.44275,0.01975,0.00050,0.00025,0.00225,0.00000,0.00050
0.00225,0.00050,0.00275,0.00075,0.00000,0.98350,0.00475,0.00475,0.00075
0.00200,0.71625,0.20775,0.00000,0.00000,0.01100,0.01075,0.05150,0.00075
0.00000,0.00150,0.00000,0.00000,0.00000,0.00125,0.00000,0.99650,0.00075
0.00175,0.51800,0.37925,0.08025,0.00000,0.00125,0.01775,0.00000,0.00175
0.00375,0.23700,0.23425,0.50175,0.00000,0.00025,0.01925,0.00050,0.00325
0.00025,0.83025,0.06725,0.08050,0.01375,0.00225,0.00175,0.00075,0.00325
0.00400,0.56275,0.30325,0.11875,0.00050,0.00275,0.00475,0.00150,0.00175
0.00175,0.00025,0.00000,0.00000,0.00000,0.99300,0.00125,0.00275,0.00100
0.16175,0.46350,0.06425,0.00575,0.01500,0.06275,0.11950,0.01450,0.09300
0.00025,0.00100,0.00125,0.00025,0.98925,0.00325,0.00050,0.00250,0.00175
0.06775,0.21950,0.05075,0.06475,0.27400,0.11425,0.03875,0.04400,0.12625
0.00575,0.79550,0.03450,0.10525,0.00750,0.00650,0.01975,0.01375,0.01150
0.00100,0.43625,0.12225,0.42625,0.00050,0.00725,0.00250,0.00075,0.00325
0.00100,0.77425,0.15850,0.04925,0.00225,0.00325,0.00600,0.00325,0.00225
0.01325,0.00250,0.00375,0.00450,0.00025,0.89325,0.01375,0.05850,0.01025
0.23550,0.18050,0.03625,0.02225,0.00375,0.02900,0.04225,0.04400,0.40650
0.00350,0.67725,0.16650,0.14850,0.00000,0.00125,0.00150,0.00150,0.00000
0.01800,0.20475,0.20850,0.00975,0.00500,0.05900,0.44250,0.04350,0.00900
0.00000,0.50500,0.49100,0.00000,0.00000,0.00200,0.00175,0.00025,0.00000
0.00900,0.57150,0.19225,0.19550,0.00075,0.00650,0.01400,0.00175,0.00875
0.01950,0.01025,0.00925,0.00150,0.00050,0.05125,0.84625,0.05875,0.00275
0.02575,0.03650,0.01425,0.04475,0.00075,0.69500,0.03875,0.08975,0.05450
0.00075,0.00150,0.00075,0.00000,0.99475,0.00000,0.00025,0.00100,0.00100
0.00075,0.36250,0.24825,0.30125,0.00050,0.00575,0.06975,0.00225,0.00900
0.01875,0.04025,0.01150,0.01900,0.00425,0.49775,0.04375,0.31925,0.04550
0.00050,0.00000,0.00000,0.00000,0.00000,0.00100,0.00000,0.99750,0.00100
0.00050,0.00050,0.00000,0.00000,0.00000,0.99575,0.00050,0.00175,0.00100
0.00100,0.88400,0.07950,0.01800,0.00375,0.00050,0.00775,0.00250,0.00300
0.00175,0.89550,0.03400,0.05600,0.00000,0.00050,0.00075,0.01075,0.00075
0.00575,0.80275,0.12500,0.03375,0.00275,0.00675,0.00375,0.00375,0.01575
0.07225,0.01775,0.00750,0.00750,0.00000,0.04500,0.02875,0.76500,0.05625
0.11250,0.01400,0.01050,0.00250,0.00400,0.17175,0.00725,0.10350,0.57400
0.00025,0.76550,0.15900,0.04025,0.00000,0.00075,0.03125,0.00250,0.00050
0.00000,0.00000,0.00000,0.00000,0.00000,0.00375,0.00000,0.99625,0.00000
0.00800,0.01025,0.00900,0.00400,0.00000,0.15800,0.03675,0.76325,0.01075
0.33025,0.07775,0.02625,0.02100,0.03750,0.15675,0.05375,0.16200,0.13475
0.00675,0.00200,0.00050,0.00350,0.00000,0.97250,0.00650,0.00600,0.00225
0.00150,0.54600,0.33200,0.10600,0.00100,0.00250,0.00375,0.00200,0.00525
0.00100,0.00025,0.00025,0.00000,0.00000,0.98775,0.00150,0.00800,0.00125
0.00350,0.04650,0.07600,0.00400,0.00050,0.00625,0.84575,0.00525,0.01225
0.00000,0.00000,0.00000,0.00050,0.00000,0.99625,0.00225,0.00100,0.00000
0.00150,0.71375,0.20700,0.06325,0.00125,0.00225,0.00700,0.00150,0.00250
0.00000,0.00000,0.00000,0.00000,0.00000,0.99875,0.00000,0.00125,0.00000
0.00325,0.00125,0.00475,0.00700,0.00000,0.93525,0.02250,0.02250,0.00350
0.00000,0.99550,0.00325,0.00100,0.00025,0.00000,0.00000,0.00000,0.00000
0.07350,0.06200,0.04600,0.01275,0.00000,0.04700,0.01825,0.03775,0.70275
0.00100,0.03375,0.01200,0.92100,0.00100,0.01350,0.01025,0.00175,0.00575
0.00075,0.65600,0.30250,0.02625,0.00500,0.00125,0.00250,0.00150,0.00425
0.07150,0.01825,0.00650,0.00950,0.00400,0.59300,0.01475,0.04200,0.24050
0.00700,0.00850,0.00450,0.00750,0.00275,0.94050,0.00750,0.00675,0.01500
0.01875,0.00075,0.00625,0.00050,0.00025,0.03050,0.00825,0.93450,0.00025
0.01100,0.00200,0.00125,0.00000,0.00000,0.00625,0.00100,0.02250,0.95600
0.00125,0.73250,0.21525,0.02575,0.00100,0.00900,0.00625,0.00175,0.00725
0.00550,0.00575,0.00600,0.00250,0.00000,0.00825,0.02550,0.05725,0.88925
0.00025,0.26900,0.06375,0.66225,0.00000,0.00300,0.00175,0.00000,0.00000
0.01525,0.00025,0.00050,0.00025,0.00000,0.00200,0.00000,0.00200,0.97975
0.04350,0.00825,0.00500,0.00250,0.00000,0.05825,0.01725,0.81175,0.05350
0.00275,0.00000,0.00025,0.00000,0.00000,0.98650,0.00250,0.00650,0.00150
0.04250,0.17750,0.09075,0.02325,0.01050,0.14400,0.02450,0.07900,0.40800
0.00000,0.00000,0.00025,0.00050,0.00050,0.98775,0.00050,0.01000,0.00050
0.15175,0.01500,0.00500,0.00475,0.00150,0.04200,0.01700,0.02125,0.74175
0.00050,0.35250,0.15875,0.48075,0.00175,0.00100,0.00275,0.00025,0.00175
0.00000,0.00000,0.00000,0.00000,1.00000,0.00000,0.00000,0.00000,0.00000
0.00350,0.32825,0.41750,0.04625,0.00000,0.02500,0.15650,0.01725,0.00575
0.06900,0.00400,0.00350,0.00575,0.00125,0.76525,0.03425,0.07775,0.03925
0.00050,0.57050,0.32500,0.09600,0.00025,0.00050,0.00400,0.00000,0.00325
0.00100,0.00150,0.00075,0.00000,0.00000,0.98900,0.00175,0.00400,0.00200
0.00000,0.85475,0.11050,0.00125,0.01175,0.00225,0.00950,0.00800,0.00200
0.07475,0.02025,0.01450,0.00075,0.00075,0.04350,0.02075,0.01925,0.80550
0.00000,0.47025,0.48825,0.03650,0.00000,0.00000,0.00050,0.00025,0.00425
0.00100,0.00050,0.00000,0.00075,0.00000,0.98825,0.00100,0.00250,0.00600
0.02100,0.31375,0.36625,0.17000,0.00125,0.02750,0.05425,0.03525,0.01075
0.49525,0.01475,0.00625,0.00100,0.00125,0.00775,0.00950,0.00575,0.45850
0.00000,0.58450,0.40200,0.00000,0.00000,0.00000,0.00000,0.01350,0.00000
0.00000,0.67950,0.29400,0.00000,0.00125,0.01275,0.00875,0.00375,0.00000
0.04325,0.09150,0.01975,0.04950,0.01325,0.63625,0.03750,0.05475,0.05425
0.00225,0.00100,0.00225,0.00075,0.00000,0.00500,0.00400,0.98350,0.00125
0.00375,0.38725,0.51450,0.05650,0.00750,0.00200,0.01475,0.00725,0.00650
0.00000,0.00000,0.00000,0.00050,0.00000,0.99950,0.00000,0.00000,0.00000
0.11400,0.00325,0.00200,0.00000,0.00050,0.00225,0.00200,0.00850,0.86750
0.00000,0.00100,0.00000,0.00000,0.00000,0.99825,0.00000,0.00075,0.00000
0.00300,0.00125,0.00225,0.00075,0.00000,0.00250,0.00475,0.98075,0.00475
0.00450,0.00100,0.00000,0.00100,0.00000,0.96075,0.02825,0.00375,0.00075
0.12825,0.02425,0.01375,0.02150,0.00425,0.52825,0.10600,0.09125,0.08250
0.00025,0.56125,0.38775,0.04975,0.00000,0.00025,0.00000,0.00075,0.00000
0.04075,0.00000,0.00025,0.00000,0.00000,0.00850,0.00025,0.06250,0.88775
0.00000,0.00000,0.00050,0.00000,0.00000,0.00150,0.00025,0.99775,0.00000
0.00200,0.31900,0.15550,0.49575,0.00025,0.00575,0.00275,0.01600,0.00300
0.02500,0.03525,0.00700,0.03475,0.00050,0.77950,0.01700,0.02600,0.07500
0.00175,0.00025,0.00100,0.00025,0.00000,0.98925,0.00000,0.00650,0.00100
0.00125,0.71300,0.20150,0.07925,0.00000,0.00050,0.00125,0.00000,0.00325
0.04100,0.08525,0.01675,0.06900,0.00750,0.56625,0.02525,0.07750,0.11150
0.00025,0.66525,0.26925,0.06250,0.00075,0.00000,0.00125,0.00025,0.00050
0.00925,0.39425,0.40750,0.13000,0.00125,0.01000,0.03150,0.00700,0.00925
0.04400,0.03500,0.02325,0.00125,0.00050,0.04425,0.18425,0.64625,0.02125
0.00675,0.47800,0.38950,0.05700,0.00000,0.01800,0.03900,0.00475,0.00700
0.00025,0.00000,0.00000,0.00000,0.00000,0.00325,0.00025,0.99575,0.00050
0.00000,0.95750,0.01925,0.02300,0.00000,0.00000,0.00025,0.00000,0.00000
0.00000,0.91450,0.08150,0.00300,0.00025,0.00000,0.00025,0.00050,0.00000
0.00300,0.83925,0.12075,0.01725,0.00125,0.00175,0.00275,0.00325,0.01075
0.02225,0.00475,0.00225,0.03375,0.00050,0.83100,0.01275,0.06850,0.02425
0.00100,0.62350,0.21625,0.15650,0.00000,0.00025,0.00200,0.00050,0.00000
0.03100,0.02775,0.00675,0.00300,0.00375,0.07025,0.03150,0.10575,0.72025
0.02975,0.23375,0.13625,0.36075,0.00825,0.13575,0.04600,0.02725,0.02225
0.00425,0.01775,0.01700,0.00225,0.00000,0.01300,0.01225,0.92525,0.00825
0.00000,0.00000,0.00000,0.00000,0.00000,0.99850,0.00000,0.00100,0.00050
0.00225,0.84575,0.10775,0.03225,0.00075,0.00000,0.00325,0.00175,0.00625
0.20150,0.01375,0.02000,0.00175,0.00425,0.10050,0.05325,0.53925,0.06575
0.13750,0.11175,0.00200,0.01775,0.44525,0.05750,0.14925,0.07200,0.00700
0.05650,0.33650,0.08950,0.00475,0.01325,0.05375,0.03675,0.21150,0.19750
0.00575,0.68325,0.20500,0.05375,0.00150,0.00550,0.01175,0.00550,0.02800
0.00050,0.83200,0.13900,0.02300,0.00000,0.00100,0.00425,0.00000,0.00025
0.00100,0.90000,0.07425,0.01425,0.00025,0.00175,0.00625,0.00000,0.00225
0.00450,0.75350,0.14375,0.06475,0.00025,0.00325,0.02125,0.00375,0.00500
0.00450,0.00150,0.00150,0.00000,0.00100,0.98675,0.00050,0.00275,0.00150
0.00025,0.81375,0.17475,0.00200,0.00000,0.00350,0.00175,0.00350,0.00050
0.00150,0.50300,0.46125,0.01925,0.00000,0.00025,0.01450,0.00000,0.00025
0.02650,0.24550,0.21750,0.21100,0.03000,0.03575,0.13800,0.02000,0.07575
0.00100,0.00000,0.00000,0.00000,0.00000,0.02275,0.00025,0.97525,0.00075
0.10000,0.00325,0.00325,0.00000,0.00050,0.00825,0.00500,0.85550,0.02425
0.02125,0.00000,0.00000,0.00000,0.00000,0.02500,0.00000,0.01050,0.94325
0.00025,0.53575,0.33650,0.06450,0.00000,0.00000,0.05075,0.00450,0.00775
0.00125,0.63800,0.28975,0.04575,0.00125,0.01900,0.00100,0.00300,0.00100
0.01975,0.11875,0.05100,0.14875,0.00200,0.51675,0.05250,0.03500,0.05550
0.00150,0.00000,0.00050,0.00000,0.00000,0.00025,0.00025,0.99750,0.00000
0.01950,0.00450,0.00200,0.00025,0.00000,0.01075,0.01300,0.92975,0.02025
0.00425,0.47625,0.34400,0.07825,0.00400,0.03600,0.03000,0.01725,0.01000
0.00175,0.60775,0.23625,0.10425,0.00100,0.00325,0.03150,0.00325,0.01100
0.00000,0.77675,0.20500,0.00000,0.00000,0.00325,0.00125,0.01325,0.00050
0.00050,0.45200,0.49600,0.00100,0.00100,0.03725,0.00175,0.01000,0.00050
0.03900,0.19550,0.19000,0.03050,0.00150,0.17625,0.27925,0.06375,0.02425
0.00325,0.00175,0.00150,0.00000,0.00000,0.98050,0.00150,0.00925,0.00225
0.01400,0.01250,0.01000,0.00125,0.00025,0.66450,0.03350,0.03025,0.23375
0.00000,0.72425,0.17100,0.00075,0.00075,0.03575,0.06425,0.00275,0.00050
0.00000,0.00000,0.00000,0.00000,1.00000,0.00000,0.00000,0.00000,0.00000
0.00300,0.60375,0.26550,0.09300,0.00075,0.00850,0.00900,0.00550,0.01100
0.00025,0.87750,0.09775,0.00000,0.00100,0.00175,0.01850,0.00325,0.00000
0.00950,0.83650,0.05875,0.01800,0.00025,0.00775,0.02150,0.00875,0.03900
0.18375,0.02450,0.00650,0.00625,0.00300,0.19175,0.02725,0.05325,0.50375
0.00125,0.00050,0.00000,0.00000,0.00000,0.00375,0.00000,0.99250,0.00200
0.00650,0.00450,0.00250,0.00000,0.00050,0.01300,0.01425,0.94950,0.00925
0.09800,0.03400,0.02975,0.00600,0.00850,0.43950,0.10875,0.17825,0.09725
0.00000,0.00000,0.00000,0.00000,1.00000,0.00000,0.00000,0.00000,0.00000
0.01325,0.17525,0.27250,0.12700,0.00025,0.06500,0.30350,0.01375,0.02950
0.01175,0.04700,0.07150,0.03300,0.00125,0.41075,0.08250,0.32925,0.01300
0.02825,0.00450,0.00325,0.00450,0.00000,0.04525,0.00850,0.84375,0.06200
0.00625,0.00025,0.00000,0.00000,0.00000,0.00375,0.00250,0.97350,0.01375
0.07675,0.03275,0.02525,0.00625,0.00175,0.19975,0.48550,0.10875,0.06325
0.47450,0.00375,0.00200,0.00000,0.00550,0.03175,0.03225,0.10300,0.34725
0.10775,0.10550,0.08550,0.02900,0.00275,0.17625,0.26025,0.11725,0.11575
0.00575,0.25575,0.26100,0.34300,0.00000,0.02200,0.09525,0.00925,0.00800
0.00050,0.00000,0.00100,0.00000,0.00000,0.00100,0.00425,0.00525,0.98800
0.00050,0.80350,0.14375,0.04750,0.00025,0.00050,0.00175,0.00075,0.00150
0.00000,0.72450,0.23450,0.03875,0.00000,0.00000,0.00075,0.00000,0.00150
0.00000,0.90025,0.05875,0.03975,0.00000,0.00025,0.00000,0.00050,0.00050
0.00050,0.77450,0.17325,0.00000,0.00375,0.00725,0.00325,0.03550,0.00200
0.03000,0.00225,0.00025,0.00825,0.00000,0.88900,0.04075,0.02200,0.00750
0.02350,0.00050,0.00000,0.00000,0.00050,0.00200,0.00125,0.03750,0.93475
0.01225,0.00225,0.00500,0.00100,0.00175,0.02025,0.01675,0.92950,0.01125
0.11000,0.03100,0.01800,0.00450,0.00450,0.32450,0.13075,0.30275,0.07400
0.00150,0.46275,0.48500,0.02975,0.00150,0.00175,0.00600,0.00700,0.00475
0.00025,0.00050,0.00000,0.00000,0.99550,0.00250,0.00075,0.00050,0.00000
0.00775,0.00000,0.00000,0.00000,0.00000,0.00275,0.00000,0.00050,0.98900
0.00575,0.79600,0.08000,0.02975,0.00625,0.00875,0.01700,0.04250,0.01400
0.00000,0.00050,0.00000,0.00000,0.00000,0.99625,0.00000,0.00275,0.00050
0.00900,0.22325,0.15300,0.51950,0.00550,0.05300,0.01825,0.00750,0.01100
0.00500,0.85950,0.08000,0.04725,0.00050,0.00075,0.00275,0.00175,0.00250
0.00000,0.00050,0.00025,0.00075,0.00000,0.98625,0.00225,0.00775,0.00225
0.17950,0.02750,0.00525,0.00575,0.00250,0.36400,0.03500,0.27100,0.10950
0.24850,0.09125,0.03625,0.03875,0.00025,0.17375,0.26300,0.05000,0.09825
0.00000,0.00025,0.00000,0.00050,0.00000,0.99800,0.00000,0.00050,0.00075
0.00000,0.51650,0.40125,0.00025,0.00025,0.03600,0.04500,0.00075,0.00000
0.11400,0.03225,0.02700,0.00650,0.00150,0.05750,0.04825,0.02625,0.68675
0.03275,0.00425,0.00550,0.00675,0.00100,0.84525,0.02700,0.05900,0.01850
0.00000,0.82900,0.16075,0.00025,0.00075,0.00075,0.00500,0.00350,0.00000
0.00125,0.65250,0.17775,0.16450,0.00050,0.00225,0.00000,0.00050,0.00075
0.00325,0.00400,0.00475,0.00175,0.00050,0.93850,0.00425,0.03750,0.00550
0.00125,0.00000,0.00050,0.00050,0.00000,0.99450,0.00075,0.00125,0.00125
0.00225,0.44950,0.49875,0.01225,0.00300,0.00375,0.00925,0.01750,0.00375
0.02925,0.03650,0.02875,0.04725,0.00075,0.75300,0.03775,0.03425,0.03250
0.00500,0.15800,0.17225,0.62500,0.00025,0.01625,0.01200,0.00275,0.00850
0.02525,0.04400,0.00850,0.04850,0.00075,0.86050,0.00525,0.00525,0.00200
0.00125,0.84675,0.11400,0.03425,0.00000,0.00125,0.00150,0.00000,0.00100
0.00275,0.00250,0.00075,0.00075,0.00000,0.02300,0.00100,0.95025,0.01900
0.00000,0.91550,0.08350,0.00000,0.00000,0.00025,0.00000,0.00075,0.00000
0.00650,0.80125,0.09975,0.04450,0.02150,0.00225,0.00875,0.00675,0.00875
0.00025,0.00100,0.00025,0.00000,0.00000,0.98425,0.00175,0.01250,0.00000
0.01525,0.20125,0.11125,0.46575,0.00075,0.14175,0.01825,0.00850,0.03725
0.00125,0.26700,0.55350,0.15475,0.00025,0.00000,0.00325,0.00100,0.01900
0.00000,0.00000,0.00000,0.00000,0.00000,1.00000,0.00000,0.00000,0.00000
0.01025,0.03475,0.01800,0.00575,0.00025,0.00675,0.00350,0.89125,0.02950
0.03375,0.00575,0.00550,0.00125,0.00100,0.01550,0.03200,0.89500,0.01025
0.03875,0.21375,0.23675,0.06425,0.00275,0.18450,0.13875,0.07625,0.04425
0.02975,0.80025,0.02625,0.00750,0.00150,0.02975,0.04550,0.03100,0.02850
0.00050,0.37250,0.52525,0.07875,0.00250,0.00000,0.00725,0.00650,0.00675
0.00175,0.00000,0.00075,0.00000,0.00000,0.00400,0.00450,0.98775,0.00125
0.00000,0.21850,0.77825,0.00000,0.00150,0.00000,0.00000,0.00175,0.00000
0.00300,0.00400,0.00350,0.00325,0.00075,0.94775,0.00525,0.01825,0.01425
0.00000,0.47275,0.08375,0.44275,0.00025,0.00000,0.00050,0.00000,0.00000
0.05025,0.18875,0.27650,0.26475,0.00425,0.00575,0.17650,0.03300,0.00025
0.00150,0.76225,0.14175,0.08750,0.00100,0.00200,0.00100,0.00100,0.00200
0.00000,0.69925,0.29075,0.00875,0.00050,0.00000,0.00075,0.00000,0.00000
0.00200,0.86850,0.10650,0.01675,0.00050,0.00000,0.00525,0.00050,0.00000
0.01000,0.00100,0.00050,0.00000,0.00025,0.01775,0.00225,0.00375,0.96450
0.00000,0.76725,0.22025,0.01125,0.00000,0.00025,0.00100,0.00000,0.00000
0.00000,0.24825,0.74600,0.00000,0.00000,0.00000,0.00025,0.00550,0.00000
0.00000,0.27150,0.65150,0.06625,0.00000,0.00000,0.01075,0.00000,0.00000
0.00125,0.88825,0.05775,0.04700,0.00075,0.00050,0.00225,0.00075,0.00150
0.00375,0.50550,0.37600,0.08350,0.00050,0.00300,0.01050,0.00775,0.00950
0.00000,0.33575,0.64425,0.01525,0.00050,0.00000,0.00350,0.00050,0.00025
0.00275,0.17025,0.50525,0.12550,0.00050,0.00425,0.17225,0.00650,0.01275
0.00175,0.34825,0.52825,0.10625,0.00000,0.00175,0.00375,0.00325,0.00675
0.03175,0.02200,0.01075,0.00275,0.00075,0.06400,0.04150,0.67675,0.14975
0.00775,0.49575,0.39750,0.06425,0.00175,0.00900,0.01125,0.00450,0.00825
0.14675,0.08525,0.07100,0.02850,0.00175,0.21900,0.17725,0.21250,0.05800
0.00300,0.13900,0.04225,0.80775,0.00100,0.00275,0.00125,0.00075,0.00225
0.00000,0.00000,0.00000,0.00000,1.00000,0.00000,0.00000,0.00000,0.00000
0.02925,0.00200,0.00075,0.00125,0.00050,0.00875,0.00575,0.93750,0.01425
0.00000,0.03175,0.95525,0.01300,0.00000,0.00000,0.00000,0.00000,0.00000
0.05850,0.23200,0.08950,0.02800,0.01350,0.08375,0.05050,0.29300,0.15125
0.02750,0.30500,0.44050,0.00300,0.01850,0.05175,0.06900,0.05750,0.02725
0.01025,0.72950,0.13450,0.00825,0.00400,0.03100,0.03075,0.01825,0.03350
0.01675,0.30500,0.52675,0.07100,0.00200,0.00625,0.06550,0.00550,0.00125
0.03575,0.65200,0.11725,0.03850,0.02125,0.04350,0.02175,0.03125,0.03875
0.00000,0.00000,0.00000,0.00000,0.99950,0.00000,0.00000,0.00050,0.00000
0.00000,0.53700,0.40750,0.00000,0.00100,0.01375,0.03775,0.00300,0.00000
0.00000,0.00000,0.00000,0.00000,0.00000,0.99900,0.00000,0.00100,0.00000
0.00050,0.00050,0.00000,0.00000,0.99900,0.00000,0.00000,0.00000,0.00000
0.01275,0.52150,0.28300,0.01275,0.01325,0.04575,0.07300,0.02200,0.01600
0.08500,0.01175,0.00225,0.00025,0.00250,0.06775,0.07475,0.71475,0.04100
0.01000,0.00825,0.00250,0.08275,0.00000,0.79550,0.00825,0.02100,0.07175
0.00375,0.00375,0.00000,0.00000,0.00000,0.98325,0.00300,0.00575,0.00050
0.00050,0.16050,0.83125,0.00000,0.00125,0.00100,0.00100,0.00350,0.00100
0.00050,0.00800,0.00650,0.00175,0.00100,0.97125,0.00350,0.00475,0.00275
0.00025,0.00300,0.00000,0.00200,0.99200,0.00075,0.00000,0.00025,0.00175
0.00400,0.84525,0.11050,0.02875,0.00050,0.00325,0.00350,0.00200,0.00225
0.00050,0.20250,0.68350,0.08700,0.00000,0.00350,0.01950,0.00175,0.00175
0.01000,0.00200,0.00200,0.00175,0.00000,0.10875,0.00475,0.01575,0.85500
0.00775,0.66400,0.21075,0.01950,0.00550,0.02350,0.02550,0.02550,0.01800
0.03125,0.21225,0.27375,0.15700,0.00325,0.06225,0.16775,0.04525,0.04725
0.00025,0.90850,0.06700,0.01725,0.00050,0.00000,0.00500,0.00000,0.00150
0.00000,0.00200,0.00150,0.00100,0.00025,0.98100,0.00275,0.00875,0.00275
0.00000,0.00000,0.00000,0.00000,1.00000,0.00000,0.00000,0.00000,0.00000
0.00000,0.00000,0.00000,0.00000,0.00000,0.99975,0.00000,0.00025,0.00000
0.01975,0.53675,0.23700,0.09025,0.00175,0.04825,0.01900,0.00650,0.04075
0.00775,0.00575,0.00375,0.00100,0.00000,0.00525,0.02175,0.94650,0.00825
0.00000,0.81325,0.13000,0.04975,0.00000,0.00050,0.00600,0.00000,0.00050
0.03200,0.44825,0.27425,0.01375,0.01700,0.06050,0.08600,0.05125,0.01700
0.00925,0.00350,0.00200,0.00125,0.00000,0.05100,0.01600,0.91100,0.00600
0.00025,0.00000,0.00025,0.00000,0.00000,0.00150,0.00050,0.99750,0.00000
0.00075,0.36475,0.61525,0.00025,0.00050,0.00250,0.00975,0.00525,0.00100
0.28725,0.21675,0.01175,0.01350,0.00275,0.04500,0.15100,0.23425,0.03775
0.00150,0.73150,0.23000,0.02350,0.00100,0.00200,0.00350,0.00550,0.00150
0.01475,0.74350,0.19750,0.01300,0.00175,0.00150,0.02250,0.00250,0.00300
0.00125,0.88975,0.08650,0.01725,0.00000,0.00100,0.00000,0.00250,0.00175
0.20325,0.03825,0.02575,0.00125,0.00525,0.04375,0.06125,0.09675,0.52450
0.00000,0.00000,0.00000,0.00050,0.99850,0.00050,0.00025,0.00000,0.00025
0.07775,0.19700,0.07325,0.00975,0.00475,0.20425,0.28075,0.07175,0.08075
0.00150,0.92600,0.06225,0.00300,0.00100,0.00125,0.00100,0.00150,0.00250
0.00375,0.74300,0.21250,0.03350,0.00000,0.00175,0.00400,0.00050,0.00100
0.03825,0.00775,0.00125,0.00425,0.00000,0.10025,0.01800,0.79025,0.04000
0.08875,0.00025,0.00050,0.00000,0.00000,0.00025,0.00050,0.00050,0.90925
0.00000,0.00000,0.00000,0.00000,0.00000,0.99925,0.00000,0.00050,0.00025
0.00325,0.00125,0.00150,0.00000,0.00000,0.02125,0.00600,0.96500,0.00175
0.63700,0.01250,0.00800,0.00200,0.00025,0.05525,0.03825,0.23075,0.01600
0.00250,0.53500,0.22950,0.21350,0.00000,0.00100,0.01725,0.00025,0.00100
0.00100,0.49725,0.47350,0.00075,0.00075,0.00350,0.00775,0.01500,0.00050
0.01275,0.28125,0.43800,0.10900,0.00075,0.04625,0.05925,0.03700,0.01575
0.01125,0.16125,0.25100,0.50175,0.00000,0.00975,0.05550,0.00275,0.00675
0.00050,0.64425,0.18975,0.16025,0.00075,0.00125,0.00300,0.00025,0.00000
0.00075,0.00050,0.00000,0.00025,0.00000,0.99325,0.00125,0.00250,0.00150
0.00225,0.43650,0.16275,0.36425,0.00100,0.00925,0.00700,0.00300,0.01400
0.00225,0.00125,0.00125,0.00125,0.00025,0.95325,0.00925,0.02250,0.00875
0.12225,0.00350,0.00425,0.00050,0.00000,0.04125,0.02725,0.05750,0.74350
0.00350,0.00225,0.00025,0.00025,0.00000,0.97125,0.00125,0.02075,0.00050
0.01125,0.00150,0.00125,0.00000,0.00000,0.00700,0.00500,0.95925,0.01475
0.02925,0.05700,0.03850,0.00950,0.00125,0.02300,0.03825,0.77125,0.03200
0.00150,0.00000,0.00150,0.00000,0.00000,0.03625,0.95800,0.00125,0.00150
0.00050,0.00000,0.00050,0.00000,0.00050,0.99325,0.00050,0.00275,0.00200
0.02825,0.00025,0.00050,0.00225,0.00000,0.94975,0.00575,0.01325,0.00000
0.04775,0.05175,0.03025,0.02200,0.00050,0.07700,0.01525,0.03925,0.71625
0.09250,0.00775,0.00625,0.00175,0.00050,0.09450,0.04375,0.74100,0.01200
0.01300,0.00000,0.00000,0.00125,0.00000,0.84525,0.13450,0.00350,0.00250
0.00000,0.00000,0.00000,0.00000,1.00000,0.00000,0.00000,0.00000,0.00000
0.00025,0.88275,0.07200,0.03400,0.00600,0.00150,0.00275,0.00000,0.00075
0.00100,0.17800,0.01800,0.00000,0.79650,0.00025,0.00000,0.00500,0.00125
0.01325,0.46225,0.34050,0.05475,0.00125,0.00550,0.10200,0.01650,0.00400
0.00050,0.00175,0.00100,0.00000,0.99675,0.00000,0.00000,0.00000,0.00000
0.00000,0.10675,0.04150,0.84550,0.00000,0.00350,0.00250,0.00000,0.00025
0.00775,0.48750,0.43850,0.03475,0.00075,0.00300,0.02250,0.00275,0.00250
0.00000,0.58450,0.26000,0.14950,0.00025,0.00025,0.00400,0.00125,0.00025
0.00525,0.00225,0.00175,0.00000,0.00025,0.00675,0.01325,0.96575,0.00475
0.10000,0.01025,0.00275,0.00400,0.00000,0.16150,0.02850,0.55950,0.13350
0.01050,0.48825,0.40575,0.06175,0.00275,0.00100,0.01725,0.01225,0.00050
0.02750,0.28925,0.36225,0.03175,0.00250,0.01725,0.01550,0.10200,0.15200
0.00075,0.28200,0.69550,0.00075,0.00025,0.01250,0.00175,0.00625,0.00025
0.03875,0.02050,0.01075,0.00075,0.00050,0.26750,0.02100,0.58475,0.05550
0.01450,0.39350,0.33325,0.14200,0.00225,0.00800,0.06975,0.02200,0.01475
0.00175,0.33775,0.06950,0.18850,0.37525,0.00425,0.01275,0.00400,0.00625
0.04100,0.01000,0.01950,0.00300,0.00000,0.02950,0.00975,0.01450,0.87275
0.05925,0.01425,0.01075,0.00425,0.00175,0.07575,0.01525,0.66325,0.15550
0.00000,0.65850,0.27175,0.06375,0.00000,0.00175,0.00125,0.00225,0.00075
0.26150,0.02700,0.01550,0.00150,0.00550,0.14675,0.07400,0.25200,0.21625
0.00000,0.00000,0.00000,0.00000,0.00000,0.99900,0.00000,0.00100,0.00000
0.00000,0.92800,0.05725,0.01425,0.00000,0.00000,0.00000,0.00050,0.00000
0.00550,0.40800,0.11550,0.40375,0.00025,0.01575,0.04275,0.00525,0.00325
0.01000,0.16075,0.23650,0.46325,0.00250,0.03450,0.06125,0.01725,0.01400
0.13125,0.00400,0.00375,0.00050,0.01550,0.43200,0.02375,0.29125,0.09800
0.00050,0.93500,0.03775,0.02350,0.00000,0.00100,0.00025,0.00025,0.00175
0.04425,0.00475,0.00150,0.00025,0.00000,0.01125,0.00175,0.00925,0.92700
0.00050,0.71825,0.22875,0.04250,0.00050,0.00050,0.00175,0.00525,0.00200
0.01800,0.36100,0.36350,0.06050,0.00550,0.06300,0.06900,0.03825,0.02125
0.00000,0.00000,0.00000,0.00000,0.00000,0.99975,0.00000,0.00025,0.00000
0.00475,0.48850,0.30925,0.08450,0.02925,0.01025,0.04025,0.01425,0.01900
0.02375,0.00425,0.00325,0.00050,0.00000,0.03625,0.00350,0.00775,0.92075
0.00225,0.40800,0.09700,0.43075,0.00175,0.03625,0.00875,0.00675,0.00850
0.00300,0.00075,0.00000,0.00250,0.00000,0.98425,0.00325,0.00575,0.00050
0.00050,0.00000,0.00000,0.00000,0.00000,0.99650,0.00125,0.00175,0.00000
0.00025,0.92850,0.04850,0.01750,0.00000,0.00250,0.00100,0.00050,0.00125
0.04075,0.32475,0.24075,0.03625,0.00275,0.05250,0.23650,0.02625,0.03950
0.00075,0.00000,0.00000,0.00000,0.00000,0.00175,0.00025,0.98375,0.01350
0.00900,0.32975,0.32050,0.19075,0.00150,0.01750,0.11025,0.01425,0.00650
0.00350,0.53050,0.39225,0.00150,0.00150,0.01300,0.01450,0.04200,0.00125
0.01900,0.00150,0.00075,0.00175,0.00000,0.25425,0.01575,0.65750,0.04950
0.00525,0.01525,0.00950,0.00100,0.94975,0.00050,0.00600,0.00875,0.00400
0.05875,0.21075,0.14950,0.08650,0.00225,0.03600,0.05525,0.06400,0.33700
0.01025,0.00075,0.00050,0.00175,0.00000,0.94500,0.01500,0.01000,0.01675
0.00150,0.00100,0.00000,0.00225,0.00000,0.96900,0.00400,0.01325,0.00900
0.00150,0.00450,0.00775,0.96375,0.00050,0.00775,0.01200,0.00125,0.00100
0.04175,0.32575,0.18950,0.01500,0.00275,0.13325,0.18825,0.07925,0.02450
0.44100,0.06525,0.03375,0.04225,0.00150,0.03700,0.03200,0.02125,0.32600
0.00850,0.00475,0.00400,0.00050,0.00125,0.13500,0.01950,0.81300,0.01350
0.02225,0.01375,0.00925,0.02300,0.00075,0.82375,0.01725,0.05500,0.03500
0.01175,0.81925,0.06475,0.04375,0.00250,0.01850,0.02300,0.00525,0.01125
0.16250,0.00775,0.00575,0.00075,0.00350,0.63625,0.03900,0.07275,0.07175
0.00000,0.00175,0.00100,0.00000,0.99700,0.00000,0.00000,0.00025,0.00000
0.18250,0.05725,0.01700,0.00675,0.00275,0.02850,0.01675,0.02100,0.66750
0.70025,0.02700,0.01175,0.00175,0.00275,0.05075,0.02300,0.09650,0.08625
0.00000,0.00050,0.00000,0.00000,0.00000,0.99425,0.00025,0.00500,0.00000
0.00650,0.00000,0.00050,0.00000,0.00000,0.04450,0.00825,0.93900,0.00125
0.00400,0.49800,0.19500,0.26375,0.00000,0.00525,0.03025,0.00150,0.00225
0.00000,0.52675,0.44400,0.02675,0.00025,0.00000,0.00075,0.00125,0.00025
0.00000,0.00175,0.00075,0.00000,0.00000,0.99500,0.00100,0.00100,0.00050
0.02375,0.00000,0.00000,0.00025,0.00000,0.97100,0.00075,0.00000,0.00425
0.00225,0.50850,0.44750,0.00175,0.00075,0.00350,0.00400,0.03100,0.00075
0.00000,0.00000,0.00000,0.00000,0.00000,0.01650,0.00100,0.98150,0.00100
0.00475,0.69475,0.20725,0.06800,0.00050,0.00450,0.00150,0.00250,0.01625
0.00075,0.45250,0.48575,0.00000,0.00750,0.00175,0.00050,0.04975,0.00150
0.00000,0.37375,0.45675,0.16750,0.00000,0.00000,0.00200,0.00000,0.00000
0.00800,0.02350,0.05350,0.01425,0.00225,0.03025,0.67475,0.18575,0.00775
0.11825,0.17325,0.19625,0.03625,0.00525,0.12075,0.21225,0.06500,0.07275
0.00000,0.45550,0.48175,0.06150,0.00050,0.00000,0.00075,0.00000,0.00000
0.00000,0.00000,0.00000,0.00000,0.00050,0.99675,0.00100,0.00175,0.00000
0.03125,0.02850,0.02050,0.00375,0.00375,0.05150,0.06250,0.72200,0.07625
0.11025,0.02200,0.01575,0.00150,0.00100,0.07125,0.06925,0.68225,0.02675
0.00000,0.00000,0.00000,0.00000,0.00000,0.00000,0.00000,1.00000,0.00000
0.00625,0.49125,0.32575,0.07850,0.00600,0.06375,0.00875,0.01250,0.00725
0.00000,0.00000,0.00000,0.00000,0.00000,0.99950,0.00000,0.00050,0.00000
0.00050,0.00575,0.00500,0.00100,0.00025,0.97750,0.00450,0.00400,0.00150
0.14150,0.01700,0.00150,0.00100,0.01450,0.03675,0.01375,0.49875,0.27525
0.14350,0.00975,0.00750,0.00350,0.00125,0.05450,0.03175,0.20800,0.54025
0.43875,0.00100,0.00025,0.00000,0.00275,0.01900,0.00850,0.01375,0.51600
0.00050,0.27100,0.10675,0.04325,0.55500,0.00475,0.00350,0.00425,0.01100
0.00325,0.39450,0.42525,0.05250,0.00050,0.00500,0.11100,0.00550,0.00250
0.00500,0.28650,0.58825,0.04150,0.00125,0.01300,0.04900,0.01100,0.00450
0.26125,0.00775,0.01000,0.00075,0.00125,0.05375,0.08675,0.49675,0.08175
0.01350,0.00425,0.00500,0.00075,0.00000,0.04725,0.04500,0.87375,0.01050
0.00050,0.62100,0.36425,0.01150,0.00000,0.00000,0.00100,0.00150,0.00025
0.00025,0.80975,0.16375,0.02475,0.00000,0.00025,0.00075,0.00000,0.00050
0.53100,0.00950,0.00325,0.00250,0.00350,0.09325,0.12050,0.16850,0.06800
0.00475,0.00400,0.00200,0.00075,0.94925,0.00725,0.00250,0.02275,0.00675
